 <pre>

 Contingency table for Visibility (m)
 Selection: ALL    104 stations
Period: 20211124-20211128
Used {06} + 00 03 06 24 27 30
 Limits    1000.00000       5000.00000       10000.0000       20000.0000    
 Each class is data <= limit, the very last > last limit
 Total number of values        1177
                                     OBSERVATION
                                      0        0        0        0        1 |         1
                                     13       57       21       13       29 |       133
                           REF        0       29       27       22       31 |       109
                                      4       23       19       25       50 |       121
                                      7      108      100      167      431 |       813

                    SUM              24      217      167      227      542 |      1177
                                     OBSERVATION
                                      0        0        0        0        1 |         1
                                     10       56       17       16       26 |       125
                SAR_4_DFS_MTEN        2       32       30       27       32 |       123
                                      3       16       15       15       35 |        84
                                      9      113      105      169      448 |       844

                    SUM              24      217      167      227      542 |      1177

