 <pre>

 Contingency table for Visibility (m)
 Selection: ALL    104 stations
Period: 20211113-20211128
Used {06} + 00 03 06 24 27 30
 Limits    1000.00000       5000.00000       10000.0000       20000.0000    
 Each class is data <= limit, the very last > last limit
 Total number of values        2640
                                     OBSERVATION
                                      4        3        1        2        3 |        13
                                     16      125       66       46      112 |       365
                           REF        4       45       40       49       88 |       226
                                      5       36       32       53      251 |       377
                                     14      144      166      296     1039 |      1659

                    SUM              43      353      305      446     1493 |      2640
                                     OBSERVATION
                                      4        3        1        2        3 |        13
                                     16      125       66       46      112 |       365
                SAR_4_DFS_MTEN        4       45       40       49       88 |       226
                                      5       36       32       53      251 |       377
                                     14      144      166      296     1039 |      1659

                    SUM              43      353      305      446     1493 |      2640

