 <pre>

 Contingency table for Visibility (m)
 Selection: ALL    104 stations
Period: 20211124-20211128
Used {06} + 00 03 ... 36
 Limits    1000.00000       5000.00000       10000.0000       20000.0000    
 Each class is data <= limit, the very last > last limit
 Total number of values        3775
                                     OBSERVATION
                                      0        2        1        0        1 |         4
                                     60      238       75       52      118 |       543
                           REF       13      130       70       89      123 |       425
                                      6       87       68       83      242 |       486
                                     28      342      303      498     1146 |      2317

                    SUM             107      799      517      722     1630 |      3775
                                     OBSERVATION
                                      1        2        1        0        1 |         5
                                     56      228       60       62      113 |       519
                SAR_4_DFS_MTEN       15      127       81       80      128 |       431
                                      4       86       57       76      200 |       423
                                     31      356      318      504     1188 |      2397

                    SUM             107      799      517      722     1630 |      3775

